-198-

1331313133311131 333333 33333133 13333 333133333 313·
33333 31333 1131 3331.

3) Ederae du 3331313 dommum! du prender trimestre 1444
(aaut · octobre 1444) (1).

11333131 11333 33 deda gexeden x in 33131, 1313 abd van
3131 13133113133133133 13 33133333 33 werde vande 13313
331 1131313 333 Schelle die de 313133333 333331 31333333
mede 13311 3333 133313313333 13113133131133133 131331. 13
3133 1333 331 33 3131 331313 133 3313 sy 33333 1333133
313333 333 3ο33333313; 33 wele abd 1331313333 3333 33
vex-nam 3333 3331 3311333133 133313333 met 31333 1333
113333 333133 13333. 11331 33 33133333333 13333131 11333
omme 331 was 11333333 1331 ij 333333 iiij gumen, 3133 13
xxx pleeken. 1131331 exx 31331133.

Dea bede ghegeuen 13 33131133133 313 333331 werde
113311 133313333 13 13333 333133 3313 333 33113313333
13333131 11333 xoegeseegdx hadde xxx 3133133.

11333131 133 Van 31333311 3313333 13 1331313 omme 333
3133313 333 (13111333 0333133 31333113 31333313133. 3133 11
1331 hem 3331 113311, 3333 333 omme de admissi 13 1113333
333333 31331313133 333 11131331 Van vj daghen 1331 ij 331333,
33133133 333113 133133 13313 xij gridon, 3133 13313133133.
1131331 iiij⁰ lxxx pleeken.

vander 3133331311313133133333 13 3311333 xxiiij 31331333.

11133331 333 11133313 3333131 13 Waxde xxiij 13 3313111 333
333 3333333 33333113131133 313333 omme 3313 13 333333
331 hi de 333313 3313333 133133 133131313333 3311313133
333 113313 133331113333 33333. Van j daghe x 3133133.

11333133 13333 [13311311313333313 331133 3131 1313333 13

1113111 313 syn prodenda 333 31318313333 131113113313-
sigaeext 33311 jnde 33333 13333131 1333 Van (11333311 3313
3333 331333 333311313133 333 03133131. 3331133 331331 33
33133333333 3333131133 1131131131 333333 3313313331113333
333 33133 331133 333 0313331313 3113 33113313 333331333333

(1) 13 registra aux 33133133 de l'annde 1443, dest-adire du ·
1 33111 1443 eu 31 juillet 1444, 33133133.

 

