-311-

Le Conseae'l 113 11331331 3313113 333 3333313131333 Μ3113333,
(loyen de saint-pierre, 1 1333313.

29 13333 1572 (n. 31.)

(133133 13 133113313 333 33333 333311313133 1131333133
03313311 333 1133111133, 333 Leon, van 1333333, 333 11333333.
3331133313, 333, 1133131331333 333 0131333331, 11331333 333
1333331333333331311333313,33311331)331,3331133133311333,
1133333 333 1133313333, 333 1131313333, 33331133331 13 13333
3333311313313313 13313 333 11331331, 13 33333313 1131133333
3313 3333313333 1333333 113113333131333 333 S. Poeters
1333133 13113333 33133 111331 der 3133311 333 3333313
133113133 13 133 333333133333113313 3333333313331,13313·
33313133 33313131 3333333333 333 133 331333 113313
33113333 wilde by 1133131333 11313333 311 3311333133 13 3311-
33333 133 331313111333 333 13 331133 333 33331131133133
1131333311331333 13333 3111133333 3333133333 1333133313
13 33333313333 33333313 3333311333331131 sy hem suppliant
333133 133133 33313133 133 1311 333 3133 33333133, 333
1313333 31113133 1313333 rescriptio te moghen 1333133333
11331333 33 3331333333313131 sy 131 1133 333133 33333333,
333333333, 311331313 333131333 1333131333 3313 3333131333
3113 ’1 gene 13133 haddon 33133331331333333331333 hunno
protense vonnissen insgelyckx in de selvo 33333313 3333331,
313 331313 3113331331 13333 13 33333313333 33133111333313
3333113113. 633133 33311 13 3333313113 311331333313 13133
tegenwoordigen 3333133333 333 13 333333133333 331131311-
1333 33 311 1331333 13 33333313333 33333313 331333 3331133
31331333 1333 by 333333113313 33 31 gelet, met 3331333-
considereert·tgenedesmenindesenbehoordeteconsidereren.
By 1333333 133333 83131133, 133333 333 S. 13313133-11313,
0113313331, 1131333333.. 3111333, 3333311133, 3313 3313333
33333 1133333 333 133 33333313333 113313133333333331313
33333313313 3331113331, 131133 333333133333 33331133113 ’1
33333331 by 3333 33333333333 33333313 331333 313133 13 331-
13331133333313133333313 133 331333 33331133113 13 costen.

331 zaken 333 13333 33333333 3333331331313 3333333133
1331133333 3131333113 333133 333333133333 113313.

 

