-· ast-

4444444414 4444444144. Si 4414 441444 1444 4414441444 prosopop-
44411, indignationem 4444144444114114144 1444444444 Petri 41
14411 apostotorum 4144 44 4444411 inconsonum.

1141444 Romo 4444 4444144 11414444 anno incarnationis
4444414144 4111441444 4444414444144144 octuagesimo tortio..
· = coarto 14144444444444111444444 nostri anno duodicim ’

, ·= ’ 144411444144444. i

1111.

Les 4441414444114414411144 41 Phiiippo 4444441441 14 414444·
’ 4444· 14 144114 tic nominationi 444 pope 81414 1 V.

25 octobre 1484.

1144144144 41 Phiiippo, 444 14 grace 44 iiico 4444144444
4414414144, 4444 44 44444414 44, 44 1441441411, 44 114,414441
44· 1444144444, 44 1444444444 41 4411414444, 444144 444
’ 11444444, 41141414, 44 Bourgoigne, palatios conspicando
114114444, 44 2414444, 44 Narona 41 44 24441444, maronis 44
Sainct Enipinc, seigncnns 44 ivise, 44 841144 44 44 11411444.

4444144 144444144 44 iconis 4444441114441444444 nostae
Gnand conscii 4414444 144 tinus, et a 14414411444 44414411-
41444 44 41441444, 444 14444 1144144444, qui 44 444444444,
saint. 11414 444144 4444 14144 444444 144 11441444, 44414444,
444411444, 441441444 44 444444 supposta 44 444144 11114 i'Vni·
4444144 44 14444414 4444 4 4414 exposa, 4444 pa 4411, 444
44144 441444144 1414, constitutions, 4141414 41 44414444444
44 4414444 441441 sentement nogion 41 444444144444444
4144444 aduenit, 41 444 aux 4444444. 1444141444 4444 44 444
4414 aucuns 14444 4444 4444 44444 444 444141444 4441414444
44144144, 41 4444144 causes 4 444144444, 141444141 14444444
44441144 41 444444 444441411444 44 444444, 444444444 44 44441
44 none 44 4444 pays 44 4414444444, 14441414 exposcas,
qui 44444444144444111444144114444441411444444444441414444
cn 144114 44444 44 11444444141444 1441444 44 44441441144 aux
4441144 44 potiones 444441444 444 444144 41414 11114111414444114,
44411441444 soobz 4444444 44 444414144 1441444 144 icon
4441114 444444 444444444441 44 1444441444 4441444444,

 

