-331-

1 33333113 1186. - 131311 333 31311333 1311 3131313, 33 33
1 3333133313, 31311331331133 decisione, que de 3333111333
1133 3313313 33333313 31113333333333. - 11 3333331333
- 13333113 33 Consell 133313 333 13333133313 33331331,
1 331131331333133133131331331331 serait 3133333 3 11131-
1 3333113 3313 33113383 31333313. 03 33313113333111331 13313
1 discussion, 13313 11111331113131· 33 1331333311 3333133131 -
1 33111333 3131313131-113313 311333 333 333133 membres
1 3313 1333113 33 theologie 3331133 avec une supreme 33313-
1 3311313 33313 33331133311333 3313313313331, 13 majorne
ll 333331113313113333133 eux 331113333 33 13 11113313, 31 13
1 3333113133 13 331113331133 131 13113131133333 3131331311333
1 33133133333 ...... 13 conseiller de 1311313333, 113113 33
1 13133 persistant de 111113313113, 13133333 311113 1331313 33
113 33333113 relative 3 13133333 immediate d'uu 1331333, 3
13133333 3333 13 1333113 33 133333133. 113113 113333113
1 313331131133, 333 11111113 Mater se 311 133333 33 1313331· 333-
1 signer 3333 333 33133 333 13333133 (1333313313331, 33131
1 333 3133 311313 333133 33333333133 : on 113 31131311 33131 33
1 33113333 1331333. lessi, 13 18 1331131, 13 13313111 (1133313 33
1 vil-il mande 3 1113131133, 31131 13 ministre 3133133133113113.
1 11 s'y rendit 13 1333313313, 331311113 heure. en compagnie
133 1311113 133 13333331, 11333 311 3331331·33133333133;
1 31313, 3 33133 311133, 111333133 13 3331 33 (1333313331331
113 3313333 13333113 33 3311131 1113131133, 31 131 1313 331
1 331313. 13 1333131333, 13 3333311131 33 13 1131113333 333131
1 3 louvain, 3331331 1333 3333333 313 133331113313 3333-
1 13311, 3313333 19 1331131 31 33133333 1331133-333133131
1 331133 33 11131333313 33 louvain 1 : 3113133131333331133
1 3333313131133131131133 33 3331333 qul 333311 13113 nomme
1 33 1333113333 313113 33 1111133313131. 113 333131 33 313333
1 jour, 3313333 3331331331 3 111313313113, 33313131133333 33
,113 charge 133131313 ll. 113311 1133313, 31 3313313113 333
1 fonctions, 33113 333331131 13 3333311 3333331333, 13 3331331
1 33 33333133 1331333333111). (1331313333 333 13 3133 133-

11) 1133311311133133 Ven 1333333133 l 1311313331,11333313 en
, n 1331133133 33 1113133331ῑό 33 13133, puis tle 33113 33 13113313 137 33·

 

