-ttt-

1 11111111111111111, qui avait [1111 11 nom de t’teattmte de
1 Paris, 1111111 111111111111111111111111111111111111111;
11111111111111111111 111 111 [1111111111 qu'un 1111111
1111111111 11 1111111 avoir, et 11 111111111111111111 11111
1111111. 61111111111111 1111 1111111111 1111111111 11 111 11
1111111 111 1111111 du 151111 1113 11 ,1111111111 1111 11
»tome 1, pp. tt-tt. - 3. 1111111111 111 1111111111 111
11111111111111111-111111111 1111111111. ce 1111111111, qui 111
1 11 1 11 1111111 111 11111111 1111111111 111111111111111111,
111 1111111111 111 1111111111 11 11 constitution 1111111111
1 du corps, comme 11 111 1111111111 11 Journal 1111111111. -
14. 1111111111 (11 1 11 111111 1116 novembre 1111111111
111111 11 donner 1111 11111111111111111 11 11111111111111 1111
1 1111111111, pout· 1111111111111 111111 11 111111111111111111
1111111111, 11 plut 1111111111 1111 1111111 11111111 1111111111
1 111111111111111111111111. Ge 11111111, 11111111 autres
1 111111111111111111111111111111111111111111111111111,
1111 presentent gouvernement; 11 prinae 111 Stathemberg
1111 11111311 11 1111111ῑί11 t 1’1111111111.-11. 11111111
1 111 1111111111 du 13 1111111111 1115)111111111111111191111
1 1111111111, 111111111111111 1111111 11 1111111111, 111 111111
1111111111, des 11111111 1111 11 111111,11111’111111 comme
1 1111111(1111111111,1111. 111. pp. 11111). - 6. 0111111111111
1111111 1111111111. 8111111 1111 1111111111 1111. Dans 11
11111111 111 3 avril de 11 1111111111, (11111111 1111111111
1 11111111 ,1111111111 1111 11111111111111[11111111116 1111.
11 sept 1111111111 demie du soit. - 1. 1111111111 (lu 1 11
1 11111111 1811111111 1119111111111111111111 111 1111111111
111111111111111111111 11111 111 1111111111 1111 11111111 11111
11111111111 1111111111 1111 1111111111 11111 1111 111111111
1111111111. tom. 111, pp. 111-111). - 8. 111111111111111
1 111111 du 1111111111 11811 111111 111111111 111 1111111111 1
1111 1111111111 11111111 111 Ardentes, 11 111· 111 1111111 11
1111111111 (1111111111, 111111, 81111111, p. 139). - 9. Avis
11111. 1111111 1111111111 1111111 111 111111 111 11111111 -
1111111111. Ce 1111111111111111111111111 1 11 11111111-
1111111111111, 1 [111111111111111111111 n. 11,689; fonds

 

