— 111-

333133 (13333113331333 33333 pais 33 113113333 3133133313
31113133, 333133333 u'a 11333 313 13113 1333 33111113, 333311·
131133, 3333333131333,33311331333, 1311333333 31 3311133113

11313333131113133333 33331313 pays de 33311331, 1131113333,
33133333113133,311 3133331133133331, 5313111313 313333
33333 11133 333133 133 11331333, 33313333 31331333 3113331333

33 3331331113 111313333113 33 13113313, Nuus 3 3333 313333
33 333313133333, 313333 que 133133 333131 3313133113, 3331333
,311333 333 3313113333 3 eulx 33333333 31 31133333 333 1311 33
bonne 3131113133 13 3113131133 33 113311331, 33313 33 1131131133,
33 2313333 31 33 113133, 333133 3333333333113, 133 3333311333
31 3311131333 33133133113111333113 331333333111313 33131113
,33313333133313113 3133333 3113131 lieu 33 1331111113 3313313333
3333331133 131113 13333 111333, 1111333 313311333 3133333 3 33131
3333333333 3333333331 et 3333 pour 33 33133 31131111 333131
3313311311 33 3111133 3133133 33 33331313 pays 33 1131133113,
23131133 31 113133. 111 33 1331313 3331331133 311333311133 331
13311111 31333333 iouy 31 333 33131111313331 33 13313 333133·
11313,133313331331333313 1331113 333 333113,3113331133 depuis
3331333 13313 333 333 aucuns gaudes des 1311113311 33 333
31313 pays 33 11333331, 33113333, 1313331131 113133, 331 909·
1331113131 13131 3333313333 aucuns 33331313 3331111333 3133111
31333 33 133113 [1313333113 33 13113313 ou leurs 3331113333 3
33133 31 33111133 133 333113 33113333 1311113111 3 331133 31 33113
1313311333 13333 1113113, 1111333 31 31111333 3113333, 311113 331
13131 3133333 33313113333111 3333 131133 3333331133, qui 331
3313333333 grief, 13133331 et 3331113133 31333111 3113333113,
31 33 133 1333111331 31 3333333331 3 1331 31 saus cause 311
,1311331313 1333331333 31 11333133, 3313113333 31 3331331113113;Ι 31
311113 331311, 31 331· nous 331333 3313113113 99 3333311 33 1133113
33333313331131131113 3313333. 1333 33 33111 que 113113,133
3113333 333333 3113333331333333, 31331 1331133 33 3131133 31
1331133 331133331133 3333113311, 31 3133333331 333 33313333
1113331333 13331313 3113333113 33133 311133131133 311 1333111313
3331313, 11333133, 133113111333 313133311333, dunt 113 33113133
13133133 3133331331 33 333131 commun, 33131113 333 3331133
333 3313113333 33311 33333333 3131133333 1131· 133 13. 3131

 

