-111-

1 11111111111111111ς aussi, 111 1118, 11111111111111111111
i 111111111 111111111111111, 11 1111111111, 11 1111111 11111,
u 11111111 11 garder 111 portes.

»111 111111 11111111 saux 1111111111111111. 0111111
1 deux 1111111111111 1119 1111111. Ρ11 1’1111’11111,’11 111-
»1111111111 1111111111 111, 11 111 1111111111 11111111

1 1111111111 aucune fonction 1111 111111111111111111111·
1 11 s’en 1111 11111111 11 iorum 111 111111, 11111 11111-Ι
»11111111111111111 1111111111, 1111 quelque 11111111
111111 111, 11111 111111111111111 11111111 11111 11
»1111111111111ο11111 1111111111111 111111111111111 1111
1 jetur 11 prison ceux 111111111111111111 11 1111111111
1111111111 11 Gouvernement. 1111111111, 11. (1111111 11111
» 111111 111 11111111 11111111111111111111111 1 tous ies·
1111111111 11 1111111 1111111111111, 11 111 avait 11111111·
ο ment 1111111 111 111111 aux halles, 1 dix 1111111, 11111
» 11 11111111, 111111111111 11 choix 11 1111111 1111111.
u 11 11 1111111111111111111 111. 1111111 11 plusieurs 11 111
111111111,1111111111111111 111 11111111 11111111111111
111. 111111111111. La 1111111 11 1111111 11111111 1111111
11111111111111111111111111111111111111 1111111111. 1111111111
»11 1111111 111111 Ι11111 1111, 11 111 dignes 111111111111111
»1111111111 1111111111 111111111111111 111111 11 violence
» 1111111 1111111111111, puis 11111 1111111111. 11111111 d'eux
111111, 11 1111111111, une 11111111 1111111111111, 11 11 .
1 meme 111111 que 11 1111111111 111111111111111111. (111-
11111, 1111 1111111111 111111111111·ρ1111 de [1111111111
1 11111111 1 1111111111. ,
» Ceiie sois, 11111111111111111 1111111111,111111111111111
1 1111 11 1111111111 ministre 11 1111 11111 1111111111 uu
»prince 11 111111111111111111111111111 11111 11111111
11111 1 11 1111111111 11 11111111. 113 mars, 111111, 11
»caud 1 8111111111, 11 1111111111 11 1111111111111111111,
1 11111111111111 11 11111 11 11111111111111 111111111;
n 11 111111111111111111 1811111111 111111, 1111 1111111.»

«Ab 1111 1111111111 1111111111 111111 Van 1111111111

 

 

