-033—

10. 8

jour 10 1100110100 0110 10 0010001100 1000 00011010 00000 1οΗ 9

10010001, 12 110010ος 1011000οΙοε 1000 0010001000 0000000110 . 81 n
Au 0010001010 1000111 10 droit, 0000 0001001 1000 000110

10 0000010010001 ........ 7 η
Α chacun 100 010 1001000010 11100110 1000111010 droit,

511.50.;1011000100010 .......
Α chaque 101000 10 10 1000111 1010011,711οο100; 1011

000010010υο .........
1010000100000001 10 0001, chaque candidat 0000 1000 10

00100 1100000010, 00100 01 000-100000 10 somme 10 1177 1.

19 0., 00110 10 600 1001001001 10 0001111 0000 00 00011

10 1100000010111010000111, 01 100100 0001111, 00 0001110 10

8111101100οο ......... 690 ν
11001 100100 100 11000000 11000 01 1110000101οο montel-out,

0000 chaque candidat 00 00011001100, 00100 10 000110 11010 ..-
000111000011000000001017771. 190. 1777 19

11000000 1 taire en commun 0001000100 candidan, 01 plusieurs font

leur auctorat 000οω110. 01001000 000 10 candidat 001 fera 000
auctorat 0001.

110 100001 0000 1000000 00 001000 00 11001000, 00
01000011000100 (100000001000100 privileges 10 111010000111,
000 010100 10 80101-Ρ10000 111001, 10 sainte-Gerunda 0
1000010, 10 Pau-ck 01 10 1111001001.

110 01000000 qu'on (1000000 00 00100000 0000000, 00
boum-mestre, 00 1000000001οο1οο 0011000, 01 1 chacun 100
1000 00001οο001000 10 10 0111010 1000010, 000000νο001οο
dominos 10 Su Majostu 00 00001100 10 1000010, 01 00
000000001001101010 3001001 00 001000 00001100, 00 11010-
1000001001, 00 000110, 00 0000110100 01 00 0000001000 10
1110100001110 1001000001, 00 11000011 001 0000 argument&
000100 chaque nouvuuu 1001000. ¹ 1110000100

100 00100010000000 001 0010011100000100 10 1100110ῑὶ00
01100000101001010010001, 10010000 10 musique 000 0000 Ι
100 01000000 0110000 0000000000, 100 10100000, 100 00110000,

01 001000 semblables, continuerunt 1 0100 001100 00010 0101
0010111 0001100110000101 01001 00 trouve 111011Ιό 1000 100

 

