'· a
, f.»
v1

ende 1111111, viij 1111111,111111,· 1111 11 11111111 11111111,
’111111 1111111] 11111111.
- -11111111111111 111 11111111 1111111 xxxj 11111111 11
’111111 maestricht] met 11111111 111 11111111 111 111 1111111·
beke omme hem· 11 11111111 1111111111111 111111 111111
1111· iij dagen, 111111 ‘xxx 11111111.
- ’1 1111· 11111 11111111 1111111111 1111111111 111 11 1111111
111] gellen 111111 111 11111111, 111 111 1111111111111111.
11111. . xl 11111111.
811111. 1111111111111 [111111111111111111] 11 1111111111

11 111111111111 111 11111111 111 111111111111111 111111 Ἰ
- 1111111111.
- 11111 1111111111 61111 11111111 viij in 111111111111
11111 111 [111111111111111. 111111 111111111111111111ς
’1111111 1111111111111111 hadde omme 111 111 11 11111
111111 comen rigeren 11111111 11111, 1111 gridon, 1111 11
11111111111.1111111·’- ² ' ' 111111111111.
-11111 111111 pape 1111111111] 1111111 11 1111111
met mynen here 111 11111111 111 111 111111 111111 11111111
11111 Van Groensbeke dat 111 11 11111 1111111111 111111
jura 1111111 111111 11111111111 op j 11111111οηὶ11 en
1111111111. Van 11. 11111 11 11111111.
1111111. 11111 31111111 6111111111111 bj 111111111 11111
xiiij 1111111111111111111 111 11111111 111111 1111111111
11 sijne herberge 111111111 1111 11 111111111 1111111111
111 111111111111111111 1111111111 111111, 1111 11 xl
plecken‚ 111111 iiie xl plecken.
161111. 11111 ghegeuen 11111 11 1111 111111111111111
11111111 1111111111 11111111111111111 111 1111111111 111
11111, 111111111 11 111111111111 11111111111 1111 111
[1111111111111111111111111111111 11111 11111111 11111111
11111.11111111111 1111 111111 11111111 11 11111111 vander
111111. 111111 dagon 1111111111.
111111. 11111 11111111 11111111 111 111111 11111111111-
1111 xx in 11111111 1111111111 1111111111 11111111 11111111
111111111111111111111 1111 11 1111 1111111111 1111111111
1111111 111111111111111 11111 1111] 11111111.

 

